experiment: a2c_lld
algo: a2c
env_name: LunarLander-v2
base_seed: 42
training_steps: 2000000
gamma: 0.9653435174737541
nsteps: 60
beta_entropy: 0.0027446895384064
lr: 0.00046795987559008264
hidden_size: 24
log_frequency: 100
val_frequency: 25000
val_episodes: 100