experiment: a2c_lld
algo: a2c
env_name: LunarLander-v2
base_seed: 42
training_steps: 2000000
gamma: 0.9738998212394832
nsteps: 60
beta_entropy: 0.026933976669915403
lr: 0.0038345515606486164
hidden_size: 24
log_frequency: 100
val_frequency: 25000
val_episodes: 100